# cells_gate.txt -- cell offsets the DEVICE-RECALL GATE itself measured as
# touched and that were NOT in touched.txt.
#
# PROVENANCE: PROVEN by execution. Emitted by tools/engineb/devrecall_gate.py
# (build/devrecall/devrecall_miss.txt) on the first run that added NOTES,
# WARM SEQUENCES and the nibble-randomised synthetic bank. The 2026-08-11
# trace had none of those, which is why it could not see them:
#
#   101504..101728   THE AUX DCO-RETRIGGER LATCH, 101504 + 32*v for v=0..7.
#                    Written by src/juno_note.c:238,:262 and CONSUMED by
#                    engine_b/eb_coefs.c:372-379. A gate that never issues a
#                    note never touches it. The 2026-08-11 map covered it only
#                    by accident, inside an over-wide segment.
#   91296..93632     the slot-2 EFFECT block, src/chorus_recall.c +
#                    src/effect_modes.c, on EFFECT TYPE values that no factory
#                    patch selects. Reached by the synthetic bank.
#
# Regenerate: run the gate, and if it prints UNMAPPED, append the offsets in
# build/devrecall/devrecall_miss.txt here and re-run gen_devcells.py. The loop
# terminates when the gate reports 0 unmapped.
90400
90416
90432
90448
90464
90480
90496
90512
90528
90544
90560
90576
90592
90608
90624
90640
90656
90672
90688
90704
90720
90736
90752
90832
90848
90864
90880
90896
90912
90928
90944
90960
90976
90992
91008
91024
91040
91296
91312
91328
91344
91360
91376
91392
91408
91424
91440
91456
91472
91488
91504
91520
91536
91552
91568
91584
91600
91616
91632
91648
91664
91680
91696
91712
91728
91732
91736
91740
91744
91748
91752
91756
91760
91764
91768
91772
91776
91780
91784
91788
91792
91796
91800
91804
91808
91812
91816
91820
91824
91828
91832
91836
91840
91844
91848
91852
91856
91860
91864
91868
91872
91876
91880
91884
91888
91892
91896
91900
91904
91908
91912
91916
91920
91924
91928
91932
91936
91940
91944
91948
91952
91956
91960
91964
91968
91972
91976
91980
91984
91988
91992
91996
92000
92004
92008
92012
92016
92020
92024
92028
92032
92036
92040
92044
92048
92052
92056
92060
92064
92068
92072
92076
92080
92084
92088
92092
92096
92100
92104
92108
92112
92116
92120
92124
92128
92132
92136
92140
92144
92148
92152
92156
92160
92164
92168
92172
92176
92180
92184
92188
92192
92196
92200
92204
92208
92212
92216
92220
92224
92228
92232
92236
92240
92244
92248
92252
92256
92260
92264
92268
92272
92276
92280
92284
92288
92292
92296
92300
92304
92308
92312
92316
92320
92324
92328
92332
92336
92340
92344
92348
92352
92356
92360
92364
92368
92372
92376
92380
92384
92388
92392
92396
92400
92404
92408
92412
92416
92420
92424
92428
92432
92436
92440
92444
92448
92452
92456
92460
92464
92468
92472
92476
92480
92484
92488
92492
92496
92500
92504
92508
92512
92516
92520
92524
92528
92532
92536
92540
92544
92548
92552
92556
92560
92564
92568
92572
92576
92580
92584
92588
92592
92596
92600
92604
92608
92612
92616
92620
92624
92628
92632
92636
92640
92644
92648
92652
92656
92660
92664
92668
92672
92676
92680
92684
92688
92692
92696
92700
92704
92708
92712
92716
92720
92724
92728
92732
92736
92740
92744
92748
92752
92756
92760
92764
92768
92772
92776
92780
92784
92788
92792
92796
92800
92804
92808
92812
92816
92820
92824
92828
92832
92836
92840
92844
92848
92852
92856
92860
92864
92868
92872
92876
92880
92884
92888
92892
92896
92900
92904
92908
92912
92916
92920
92924
92928
92932
92936
92940
92944
92948
92952
92956
92960
92964
92968
92972
92976
92980
92984
92988
92992
92996
93000
93004
93008
93012
93016
93020
93024
93028
93032
93036
93040
93044
93048
93052
93056
93060
93064
93068
93072
93076
93080
93084
93088
93092
93096
93100
93104
93108
93112
93116
93120
93124
93128
93132
93136
93140
93144
93148
93152
93156
93160
93164
93168
93172
93176
93180
93184
93188
93192
93196
93200
93204
93208
93212
93216
93220
93224
93228
93232
93236
93240
93244
93248
93252
93256
93260
93264
93268
93272
93276
93280
93284
93288
93292
93296
93300
93304
93308
93312
93316
93320
93324
93328
93332
93336
93340
93344
93348
93352
93356
93360
93364
93368
93372
93376
93380
93384
93388
93392
93396
93400
93404
93408
93412
93416
93420
93424
93428
93432
93436
93440
93444
93448
93452
93456
93460
93464
93468
93472
93476
93480
93484
93488
93492
93496
93500
93504
93508
93512
93516
93520
93524
93528
93532
93536
93540
93544
93548
93552
93556
93560
93564
93568
93572
93576
93580
93584
93588
93592
93596
93600
93604
93608
93612
93616
93620
93624
93628
93632
93636
93640
93644
93648
93652
93656
93660
93664
93668
93672
93676
93680
93684
93688
93692
93696
93700
93704
93708
93712
93716
93720
93724
93728
93732
93736
93740
93744
93748
93752
93756
93760
93764
93768
93772
93776
93780
93784
93788
93792
93796
93800
93804
93808
93812
93816
93820
93824
93828
93832
93836
93840
93844
93848
93852
93856
93860
93864
93868
93872
93876
93880
93884
93888
93892
93896
93900
93904
93908
93912
93916
93920
93924
93928
93932
93936
93940
93944
93948
93952
93956
93960
93964
93968
93972
93976
93980
93984
93988
93992
93996
94000
94004
94008
94012
94016
94020
94024
94028
94032
94036
94040
94044
94048
94052
94056
94060
94064
94068
94072
94076
94080
94084
94088
94092
94096
94100
94104
94108
94112
94116
94120
94124
94128
94132
94136
94140
94144
94148
94152
94156
94160
94164
94168
94172
94176
94180
94184
94188
94192
94196
94200
94204
94208
94212
94216
94220
94224
94228
94232
94236
94240
94244
94248
94252
94256
94260
94264
94268
94272
94276
94280
94284
94288
94292
94296
94300
94304
94308
94312
94316
94320
94324
94328
94332
94336
94340
94344
94348
94352
94356
94360
94364
94368
94372
94376
94380
94384
94388
94392
94396
94400
94404
94408
94412
94416
94420
94424
94428
94432
94436
94440
94444
94448
94452
94456
94460
94464
94468
94472
94476
94480
94484
94488
94492
94496
94500
94504
94508
94512
94516
94520
94524
94528
94532
94536
94540
94544
94548
94552
94556
94560
94564
94568
94572
94576
94580
94584
94588
94592
94596
94600
94604
94608
94612
94616
94620
94624
94628
94632
94636
94640
94644
94648
94652
94656
94660
94664
94668
94672
94676
94680
94684
94688
94692
94696
94700
94704
94708
94712
94716
94720
94724
94728
94732
94736
94740
94744
94748
94752
94756
94760
94764
94768
94772
94776
94780
94784
94788
94792
94796
94800
94804
94808
94812
94816
94820
94824
94828
94832
94836
94840
94844
94848
94852
94856
94860
94864
94868
94872
94876
94880
94884
94888
94892
94896
94900
94904
94908
94912
94916
94920
94924
94928
94932
94936
94940
94944
94948
94952
94956
94960
94964
94968
94972
94976
94980
94984
94988
94992
94996
95000
95004
95008
95012
95016
95020
95024
95028
95032
95036
95040
95044
95048
95052
95056
95060
95064
95068
95072
95076
95080
95084
95088
95092
95096
95100
95104
95108
95112
95116
95120
95124
95128
95132
95136
95140
95144
95148
95152
95156
95160
95164
95168
95172
95176
95180
95184
95188
95192
95196
95200
95204
95208
95212
95216
95220
95224
95228
95232
95236
95240
95244
95248
95252
95256
95260
95264
95268
95272
95276
95280
95284
95288
95292
95296
95300
95304
95308
95312
95316
95320
95324
95328
95332
95336
95340
95344
95348
95352
95356
95360
95364
95368
95372
95376
95380
95384
95388
95392
95396
95400
95404
95408
95412
95416
95420
95424
95428
95432
95436
95440
95444
95448
95452
95456
95460
95464
95468
95472
95476
95480
95484
95488
95492
95496
95500
95504
95508
95512
95516
95520
95524
95528
95532
95536
95540
95544
95548
95552
95556
95560
95564
95568
95572
95576
95580
95584
95588
95592
95596
95600
95604
95608
95612
95616
95620
95624
95628
95632
95636
95640
95644
95648
95652
95656
95660
95664
95668
95672
95676
95680
95684
95688
95692
95696
95700
95704
95708
95712
95716
95720
95724
95728
95732
95736
95740
95744
95748
95752
95756
95760
95764
95768
95772
95776
95780
95784
95788
95792
95796
95800
95804
95808
95812
95816
95820
95824
101504
101536
101568
101600
101632
101664
101696
101728
