84272
84304
84336
84368
84400
84416
84436
84448
84464
84480
84496
84512
84544
84560
84640
84656
84672
84704
84768
84800
84816
84896
84912
84928
84944
84960
84976
84992
85008
85024
85040
85056
85072
85088
85104
85120
85136
85152
85168
85184
85200
85216
85232
85248
85264
85280
85296
85312
85328
85344
85360
85376
85392
85408
85424
85440
85456
85472
85488
85504
85520
85536
85552
85568
85584
85600
85616
85632
85648
85664
85680
85696
85712
85728
85744
85760
85776
85792
85808
85824
85840
85856
85872
85888
85904
85920
85936
85952
85968
85984
86000
86016
86032
86048
86064
86080
86096
86112
86128
86144
86160
86176
86192
86208
86224
86240
86256
86272
86288
86304
86320
86352
86368
86384
86400
86416
86432
86448
86464
86480
86496
86512
86528
86544
86560
86576
86592
86608
86624
86640
86656
86672
86688
86704
86720
86736
86752
86768
86784
86800
86816
86832
86848
86864
86880
86896
86912
86928
86944
86960
86976
86992
87008
87024
87040
87056
87072
87088
87104
87120
87136
87152
88200
91120
91152
91168
91184
91200
91216
91232
91280
95828
95888
95904
95920
95936
95952
95968
95984
96000
96016
96032
96048
96064
96080
96096
96112
96128
96144
96160
96176
96192
96208
96224
96240
96256
96272
96288
96304
96320
96336
96352
96368
96384
96400
96416
96432
96448
96464
96480
96496
96512
96528
96544
96560
96576
96592
96608
96624
96640
96656
96672
96688
96704
96720
96736
96752
96768
96784
96800
96816
96832
96848
96864
96880
96896
96912
101024
101028
101040
101056
101060
101064
101072
101136
101152
101296
101312
101328
101344
101360
101376
101392
101408
101424
101440
101456
101472
101744
101792
101808
101840
101856
101872
101888
101920
101936
101968
101984
102000
102016
102048
102064
102080
102096
102128
102144
102160
102176
102208
102224
102240
102272
102288
102352
102368
102384
102400
102416
102432
102448
102464
102480
102496
102512
102528
102544
102560
102576
102592
102608
102624
102640
102656
102672
102688
102704
102720
102752
102768
102784
192000
600000
2199952
2199956
4195232
4195296
4297120
4297124
4297200
4297216
4297232
4297248
4297264
4297280
4297296
4297312
4297328
4297344
4297360
4297376
4297392
4297408
4297424
4297440
4297456
4297472
4297488
4297504
4297520
4297536
4297552
4297568
4297584
4297600
4297616
4297632
4297648
4297664
4297680
4297696
4297712
4297728
4297744
4297760
4297776
4297792
4297808
4297824
4297840
4297856
4297872
4297888
4297904
4297920
4297936
4297952
4297968
4297984
4298000
4298016
4298032
4298048
4298064
4298080
6395248
6395252
6395264
6395280
6395284
6395288
6395296
6395300
6395304
6395312
6395328
6395344
6395360
6395376
6395408
6395600
6395616
6395632
6395648
6395664
6395680
6395696
6395712
6395728
6395744
6395760
6395776
6395792
6395808
6395824
6395840
6395856
6395872
6395888
6395904
6395920
6395936
6395952
6395968
6395984
6396000
6396016
6396032
6396048
6396064
6396080
6396096
6396112
6396128
6396144
6396160
6396176
6396192
6396208
6396224
6396240
6396256
6396272
6396288
6396304
6396320
6396336
6396352
6396368
6396384
6396400
6396416
6396432
6396448
6396464
6396480
6396496
6396512
6396528
6396544
6396560
6396576
6396592
6396608
6396624
6429408
6429412
6429424
6429440
6429444
6429448
6429456
6429460
6429464
6429472
6429488
6429504
6429520
6429536
6429568
6429760
6429776
6429792
6429808
6429824
6429840
6429856
6429872
6429888
6429904
6429920
6429936
6429952
6429968
6429984
6430000
6430016
6430032
6430048
6430064
6430080
6430096
6430112
6430128
6430144
6430160
6430176
6430192
6430208
6430224
6430240
6430256
6430272
6430288
6430304
6430320
6430336
6430352
6430368
6430384
6430400
6430416
6430432
6430448
6430464
6430480
6430496
6430512
6430528
6430544
6430560
6430576
6430592
6430608
6430624
6430640
6430656
6430672
6430688
6430704
6430720
6430736
6430752
6430768
6430784
6430800
6430816
6430832
6430848
6430864
6430880
6430896
6430912
6430928
6463712
6463716
6496496
6496500
6496512
6496528
6496532
6496536
6496544
6496560
6496564
6496568
6496576
6496592
6496608
6496624
6496640
6496656
6496672
6496688
6496704
6496720
6496736
6496752
6496768
6496784
6496800
6496816
6496832
6496848
6496864
6496880
6496896
6496912
6496928
6496944
6496960
6496976
6496992
6497008
6497024
6497040
6497056
6497072
6497088
6497104
6497120
6497136
6497152
6497168
6497184
6497200
6497216
6497232
6497248
6497264
6497280
6497296
6497312
6497328
6497344
6497360
6497376
6497392
6497408
6497424
6497440
6497456
6497472
6497488
6497504
6497520
6497536
6497568
6497584
6497600
8594768
8594772
10691936
10691940
10691952
10691968
10691972
10691976
10691984
10692000
10692004
10692008
10692016
10692032
10692048
10692064
10692080
10692112
10692304
10692320
10692336
10692352
10692368
10692384
10692400
10692416
10692432
10692448
10692464
10692480
10692496
10692512
10692528
10692544
10692560
10692576
10692592
10692608
10692624
10692640
10692656
10692672
10692688
10692704
10692720
10692736
10692752
10692768
10692784
10692800
10692816
10692832
10692848
10692864
10692880
10692896
10692912
10692928
10692944
10692960
10692976
10692992
10693008
10693024
10693040
10693056
10693072
10693088
10693104
10693120
10693136
10693152
10693168
10693184
10693200
10693216
10693232
10693248
10693264
10693280
10693296
10693312
10693328
10693344
10693360
10693376
10693392
10693408
10693424
10693440
10693456
10693472
10726256
10726260
10758864
10759040
10759044
10759056
10759072
10759076
10759080
10759088
10759104
10759108
10759112
10759360
10759376
10759392
10759408
10759424
10759440
10759456
10759472
10759488
10759504
10759520
10759536
10759552
10759568
10759584
10759600
10759616
10759632
10759648
10759664
10759680
10759696
10759712
10759728
10759744
10759760
10759776
10759792
10759808
10759824
10759840
10759872
11022032
11022052
11022056
11022060
11022064
11022208
11022340
11022348
11022400
11022416
