16
592
608
624
1056
1072
1088
1872
1920
1936
2064
2560
2784
2800
2816
2832
3040
3264
3280
3296
3312
3840
3888
3904
3920
3936
3968
3984
4032
4128
4144
4192
4208
4224
5520
6528
6736
6832
7344
7360
7392
7408
7424
7472
7600
9584
9600
10176
10192
10208
10240
10256
10272
10288
10320
11584
14480
16032
18112
20832
22096
24992
26544
28624
31344
32608
35504
37056
39136
41856
43120
46016
47568
49648
52368
53632
56528
58080
60160
62880
64144
67040
68592
70672
73392
74656
77552
79104
81184
83904
84544
86288
86304
86320
86368
86384
86400
86464
86480
86592
86608
86624
86640
86912
86928
86944
86960
87056
87072
87088
87104
87120
87136
87152
91152
91200
91216
91232
96336
96352
96384
96400
96416
96432
96448
96464
96480
96496
96512
96528
96544
96560
96576
96592
96640
96688
96704
96784
96800
96848
101072
102352
102368
102384
102400
102416
102432
102448
102464
102480
102496
102512
102528
102544
102560
102576
102592
102608
102624
102640
102656
102672
102688
4297584
4297600
4297616
4297632
4297648
4297664
4297680
4297696
4297712
4297728
4297744
4297760
4297776
4297792
4297808
4297824
4297840
4297856
4297872
4297888
4297904
4297920
4297936
4297952
4297968
4297984
6395312
6395328
6396128
6396160
6396176
6396192
6396208
6396224
6396240
6396256
6396272
6396288
6396304
6396320
6396336
6396352
6396368
6396384
6396400
6396432
6396448
6396464
6396480
6396496
6396512
6396528
6429472
6429488
6430480
6430496
6430512
6430528
6430544
6430560
6430576
6430592
6430608
6430624
6430640
6430672
6430688
6430704
6430720
6430736
6430752
6430768
6430784
6430800
6497168
6497184
6497200
6497216
6497232
6497248
6497264
6497280
6497296
6497312
6497328
6497344
6497360
6497376
6497392
6497408
6497424
6497440
6497456
6497472
6497488
6497504
10692016
10692032
10693008
10693040
10693056
10693072
10693088
10693104
10693120
10693136
10693152
10693168
10693184
10693200
10693216
10693232
10693248
10693264
10693280
10693312
10693328
10693344
10693360
10759360
10759392
10759408
10759424
10759472
10759488
10759520
10759536
10759552
10759568
10759584
10759600
10759616
10759632
10759648
10759664
10759680
10759696
10759712
10759728
10759744
10759760
10759776
10759792
10759808
10759824
10759840
11022208
11022212
11022216
11022220
11022224
11022228
11022232
11022236
11022240
11022244
11022248
11022252
11022256
11022260
11022264
11022268
11022272
11022276
11022280
11022284
11022288
11022292
11022296
11022300
11022304
11022308
11022312
11022316
11022320
11022324
11022328
11022332
11022336
11022340
